0
476
701
1227
1710
2300
2966
3373
3722
4153
4586
5345
6009
6465
6814
7280
8034
8654
9266
9839
10265
10588
11063
11581
12361
13012
13506
13938
14357
14818
15295
15973
16648
17292
17754
18187
18701
19198
19869
20288
20667
20863
21204
21449
21825
22315
22742
23202
23414
23874
24111
24637
25010
25268
25581
25774
26173
26566
26854
27133
27576
27911
28109
28476
28852
29233
29575
30033
30343
30572
30901
31321
31814
32255
32975
33585
34123
34626
35233
35681
36314
37043
37655
38067
38602
39200
39930
40438
40914
41484
42197
42512
42856
43583
44386
45066
45748
46222
46615
47376
47978
48711
49543
50262
50845
51339
51987
52442
53264
54025
54616
55171
55723
56263
56871
57897
58718
59894
60509
61034
61667
62403
63244
64140
64828
65138
65502
66016
66836
67808
68327
68996
69458
69838
70208
70595
71393
72229
72796
73185
73748
74159
74988
75993
76831
77529
78105
78599
79094
79704
80250
81082
81628
82064
82464
83433
84165
84938
85775
86622
87346
87735
88190
89208
90017
90906
91805
92285
92795
93405
94243
94885
95537
96225
96663
97010
97455
97944
98613
99229
99863
100118
100339
100532
100767
100968
101226
101702
102003
102129
102243
102402
102767
103000
103335
103974
104182
104359
104741
105192
105582
106288
106812
107586
107960
108609
109123
109719
110207
110579
110904
111410
111813
112276
113047
113895
114366
115260
115570
115863
116320
117066
118014
118591
118832
119332
119793
120367
121136
121861
122259
122592
123029
123542
124145
124649
125604
125875
126229
126798
127166
127938
128652
129227
129622
129919
130329
130724
131241
131603
132071
132354
132575
133119
133718
134392
135343
136225
136575
136980
137513
138071
138969
139593
140434
141010
141308
141685
142067
144055
145854
148319
150807
153000
154983
156323
158030
160437
162557
165102
167312
168857
170246
172526
174434
177332
179805
182147
183532
184849
187222
189981
192590
194551
196135
197374
198728
201030
203303
206073
208858
211811
213932
215145
217461
220334
223633
226342
228732
229971
231171
232993
235767
238824
241490
243464
244604
245790
247010
248180
249395
250900
252638
253802
254714
255422
256402
257614
258837
260087
261091
262118
263372
264977
267091
268943
270594
272071
273682
275682
278424
280499
283187
285860
287820
289362
291661
294188
297034
299862
302383
304515
306545
309086
312513
315813
318735
321818
323937
326032
328487
331509
334679
337809
340771
342856
344755
347729
350811
354251
357112
360062
362422
364347
367567
371084
374646
378547
382074
384353
386266
389126
392615
396433
399782
402807
405212
407770
410478
413421
417216
420817
424031
426030
428039
430998
434233
437527
441023
444181
446024
448030
450844
452576
455817
459636
462642
464813
466348
469446
472956
476661
480270
482574
484308
486277
489291
492528
495991
499377
502293
504734
506748
509378
512882
516603
520712
524391
526880
528724
531533
534820
538440
541981
544921
547392
549525
552437
556006
559446
562927
566308
568399
570000
572860
575756
579077
581853
584976
586760
587974
589763
591745
593463
595416
597041
598158
598576
599246
600029
600970
602363
603818
605338
606602
607988
609951
612036
614142
616761
618617
620224
622794
626023
629532
632408
635190
637425
639337
642202
645444
648990
652049
655041
657434
659862
662151
665513
668664
671917
675175
677205
679309
682279
685789
688968
692026
695111
697063
698500
701644
704588
707690
711424
714747
717141
718605
721565
724954
728235
731184
734122
736312
737522
740002
742226
744457
746698
749351
750770
752154
754643
757599
761432
764850
767817
769832
771722
774584
777753
781644
784664
787769
789696
791440
793960
797272
799129
800890
802767
804915
806827
808822
810616
812470
815007
817524
819844
821897
823266
824704
827588
829775
833626
835695
837735
838924
840661
843396
846838
849895
852073
853777
855212
856616
859070
862569
865688
868362
871347
873650
874708
876838
879910
883046
886373
888169
889544
891018
892761
895728
898548
901074
902422
903819
904608
905756
907070
908911
910025
911386
912275
913128
913977
915157
916302
917327
918561
919681
920705
921987
923337
924977
926907
928723
931513
932957
935007
937370
939578
942497
944924
946724
948381
951108
953522
956374
959417
961690
963627
965527
967718
971133
974663
977363
979612
981711
983277
985481
988453
991587
994727
997650
999634
1001704
1004473
1007511
1011230
1013857
1016553
1018589
1020328
1023917
1027495
1031245
1035159
1038439
1040426
1042426
1045968
1049948
1053821
1057919
1061014
1063301
1065748
1069723
1073476
1077929
1082356
1085702
1087511
1089113
1092318
1095925
1100321
1103770
1107188
1109395
1111157
1114439
1116379
1119870
1123571
1126689
1128973
1130487
1133394
1136476
1140038
1143488
1145586
1147531
1149382
1152675
1156306
1159989
1163361
1166587
1168743
1171058
1174556
1178274
1181839
1185599
1188838
1190797
1192575
1195356
1198898
1202147
1206124
1209486
1211279
1212761
1215541
1218861
1222396
1225793
1228854
1230946
1232493
1235435
1237927
1241282
1244632
1247031
1248843
1250204
1252075
1253881
1256045
1257766
1259535
1260876
1261209
1262111
1263014
1264345
1265787
1267110
1268299
1269130
1270913
1273129
1275490
1277984
1280562
1282541
1284698
1287479
1291636
1294921
1298310
1300910
1302832
1304502
1307693
1311275
1314677
1317554
1320429
1322618
1324771
1328178
1332049
1335288
1337974
1341597
1343943
1346727
1350008
1353828
1358029
1361912
1364863
1366940
1368671
1372925
1376613
1380054
1384880
1388597
1390594
1392634
1395341
1398673
1402731
1406497
1409815
1411827
1413054
1415161
1417186
1419583
1421941
1423920
1425630
1426846
1429465
1432503
1436067
1439001
1441990
1443903
1446130
1449426
1453128
1457281
1460960
1464694
1467612
1469744
1473245
1477398
1478349
1479339
1480336
1481348
1482310
1483436
1484281
1485209
1486136
1487221
1488295
1489243
1490174
1490980
1492208
1493297
1494827
1496058
1497179
1498229
1499217
1500359
1501789
1503359
1504639
1505497
1506284
1507078
1508367
1509719
1510849
1512337
1513899
1515108
1515960
1517366
1518818
1520387
1521606
1522671
1523253
1524015
1524924
1525981
1527303
1528523
1529322
1530126
1530647
1531194
1531837
1532501
1533145
1533747
1534283
1534734
1535434
1536047
1536754
1537268
1538100
1538919
1539547
1540405
1541213
1541856
1542715
1543569
1544582
1545452
1546619
1547927
1549148
1550339
1551310
1552350
1553498
1554576
1555484
1556736
1558097
1559312
1560381
1561634
1562862
1564395
1565883
1567107
1568192
1569118
1570281
1571394
1573082
1574513
1576040
1577438
1578675
1580205
1581921
1583415
1585330
1586832
1588024
1589318
1590854
1592311
1594165
1596183
1597853
1599094
1600184
1601407
1603053
1604987
1606970
1608650
1610012
1611367
1612772
1614854
1616565
1618324
1620328
1621513
1622795
1623762
1625449
1627074
1628833
1630064
1631394
1632623
1633640
1635199
1636319
1637995
1639523
1641187
1642200
1643277
1644465
1646113
1648061
1649740
1651044
1652564
1653877
1655078
1656363
1657857
1659444
1660780
1662215
1663349
1664759
1666118
1667448
1669108
1670478
1671895
1672919
1674188
1675971
1677570
1679133
1680550
1681759
1683171
1684446
1686383
1688311
1689822
1691531
1692940
1694502
1695943
1697617
1699100
1700504
1701682
1702865
1703816
1704779
1705653
1706601
1707168
1707900
1708618
1708856
1709268
1710063
1710737
1711589
1712507
1713217
1713788
1714755
1715729
1717000
1718478
1719886
1721165
1722391
1723919
1725641
1727545
1729671
1731142
1732353
1733429
1734921
1736424
1738187
1739611
1741144
1742518
1743906
1745417
1747054
1748901
1750437
1752155
1753584
1754834
1756651
1758625
1760555
1762405
1763823
1765019
1765959
1768193
1769945
1771850
1773881
1775590
1776819
1777498
1778954
1780501
1782623
1784115
1785495
1786779
1787737
1788785
1789821
1791042
1792200
1793320
1794098
1794802
1796176
1797824
1799581
1801492
1802892
1803939
1805124
1806625
1808540
1810527
1812433
1814100
1815494
1816504
1818043
1819804
