0
3141
5659
8951
10163
13786
17338
21030
24194
27893
30153
31461
33596
35961
37606
41507
43891
46173
49006
51767
55066
58571
60685
62459
63993
65562
68932
71865
75109
78027
79054
82093
85738
89931
92547
94185
95650
98617
100358
103126
104361
106392
109480
111519
112935
115351
118567
121575
123137
125512
127653
131453
134597
137992
139183
141807
143375
146156
147393
149346
151783
153813
156918
159111
163064
165578
169314
171461
172878
176018
179482
182733
185219
186633
188404
192317
194234
196497
199302
200101
203688
205570
205995
209341
212924
216878
218376
221884
225427
227316
229756
232595
234372
236492
238554
242141
243534
244492
247417
250433
253259
256322
257561
258823
261505
264556
266064
269514
271976
274520
276541
278805
281531
282938
283986
286668
288417
290037
293625
296509
299818
301965
304177
306788
309719
311600
313752
316809
319484
323046
325337
328576
331124
333995
335647
338808
341809
344796
347047
349964
353569
357259
360286
363873
365907
368443
371039
373912
377481
380685
381614
383176
385349
386072
388419
390406
392856
395862
397106
399611
402184
404513
407542
408774
409912
412739
414797
417839
419736
422767
423982
425165
427221
430203
433335
435275
437745
440016
443038
444271
447472
450789
452843
455254
458558
461566
464669
466999
468262
468941
471529
473293
475836
476997
480008
483622
487005
490316
492335
496306
499233
502662
504619
507049
508293
509655
511778
515573
518426
521363
522777
525962
529242
531067
533613
535584
537605
540151
542898
544543
546703
548395
550397
551674
554695
557434
559917
562246
563514
566963
568965
570787
573698
577089
580342
582364
585524
589426
591288
593240
596609
599608
602974
604830
607957
609442
612512
614696
618185
621500
623135
625085
627261
630580
632632
634636
637479
640898
641893
645701
647748
649188
650534
653523
657026
660018
662357
665995
667350
668417
669630
670167
671979
673522
675593
676819
678450
679441
680040
681345
682676
683508
685333
686707
687891
689369
691502
693007
695003
696251
696869
697524
698694
700488
702689
704656
706132
706971
708609
710697
712403
713508
715118
716088
717788
718734
719958
720679
722024
723419
724608
725472
726626
728510
729965
731077
732525
733731
735744
736852
738598
739264
740849
741802
743050
743577
745142
746562
747455
749196
750636
752660
753807
755208
756486
757476
759010
760590
761943
763410
764234
765809
767623
768839
769821
771168
771978
773357
774623
774866
777040
778996
781047
781759
783731
785271
786581
787850
788939
789990
791256
792551
794576
795402
796091
797615
799359
800521
801765
802754
803348
804990
806564
807605
809357
810744
812146
813308
814373
815518
816245
816885
818332
819289
820159
821436
822834
824366
825885
826931
828375
829884
830932
831890
833587
835024
837014
838256
840240
841820
843426
844187
845890
847697
849295
850631
852311
854217
855935
857366
859050
860028
861466
862729
864032
865297
867622
868080
868821
870075
870796
871907
873128
874300
875520
876084
877337
878585
879977
881420
882399
883132
884563
885717
887479
888356
890120
890906
891450
892525
893891
895342
896598
897553
898796
900291
900977
902548
904315
905782
907107
908773
910311
912226
913779
914586
915004
915935
917088
918147
918977
920667
922282
923810
925140
926495
928203
929726
931397
932526
933615
934495
935369
936829
938192
939722
941250
942316
943514
945290
946498
947772
949204
950237
951291
952286
953182
953849
954722
955308
956188
958058
959313
960737
961988
962833
964459
965465
966456
967731
969353
970814
971648
973617
975172
976105
977211
978732
980150
981992
983021
984486
985424
987374
988483
990431
992005
993261
994837
995956
997696
999022
1000089
1001589
1003320
1003946
1006029
1007020
1007831
1008841
1010085
1011648
1012965
1014085
1016074
1018938
1021076
1024481
1025280
1028749
1032199
1036700
1039646
1042946
1044898
1045756
1048156
1050648
1052013
1056544
1058693
1061083
1064582
1068630
1072274
1075872
1078117
1079494
1080631
1082330
1086788
1090229
1094033
1097012
1098146
1101178
1104992
1108833
1111191
1112767
1114521
1117052
1118942
1121911
1123076
1125292
1128445
1130521
1131987
1134052
1137352
1140757
1142299
1144466
1146056
1149660
1151940
1155719
1157056
1159892
1161291
1164686
1165721
1167488
1169721
1171544
1174566
1176067
1180284
1182521
1185811
1188656
1190475
1193561
1196962
1200437
1202633
1204094
1206067
1209696
1211963
1214046
1216461
1217382
1221146
1223394
1223735
1227873
1231221
1235162
1237233
1240993
1244743
1246770
1248812
1251816
1253971
1255988
1257906
1261829
1263275
1264630
1267975
1271222
1274378
1277708
1279092
1280495
1283611
1286531
1289374
1292485
1294807
1297457
1299488
1301551
1303554
1304786
1305832
1309366
1311570
1313301
1316625
1319708
1323359
1325902
1328224
1330726
1333849
1335651
1337782
1340944
1343573
1347609
1349571
1353871
1357427
1360749
1362554
1366341
1370121
1374051
1376088
1379686
1383327
1386833
1389874
1392999
1394897
1396890
1399127
1401948
1405458
1409798
1410662
1411888
1414229
1415094
1417871
1419983
1422766
1425502
1426667
1428491
1430803
1434357
1437343
1438601
1439958
1443355
1445705
1449548
1451530
1454351
1455850
1456754
1458702
1461972
1464971
1467004
1469590
1472010
1474764
1476644
1479847
1483535
1485911
1487975
1491646
1495513
1499473
1502948
1504415
1505338
1507783
1509745
1511656
1513073
1516175
1520192
1523607
1527291
1529183
1533141
1535811
1539762
1541987
1543828
1544912
1546731
1548860
1552489
1555220
1558481
1559694
1562122
1566367
1568218
1570320
1573300
1575077
1577261
1579733
1581209
1582872
1584728
1586479
1587782
1591117
1593691
1595891
1598805
1600050
1603483
1605741
1607649
1610547
1613754
1616950
1618328
1621837
1625586
1627358
1629057
1632641
1636016
1639628
1641427
1644406
1645755
1649511
1651477
1654447
1657173
1659369
1661471
1664032
1667580
1669427
1671257
1673902
1678062
1679260
1684166
1685783
1687525
1689294
1692039
1695506
1698334
1700343
1703717
1704218
1704636
1705338
1705812
1706287
1706958
1707879
1708300
1709127
1709731
1709950
1710409
1710883
1711277
1712142
1712862
1713231
1713764
1714418
1715080
1715736
1716181
1716499
1716768
1717285
1718270
1718879
1719448
1719900
1720101
1720757
1721597
1722458
1723229
1723588
1723932
1724432
1724789
1725533
1725818
1726498
1727697
1728124
1728362
1728955
1729418
1730339
1730915
1731438
1731760
1732805
1733388
1734355
1734896
1735276
1735740
1736168
1736618
1737126
1737610
1737854
1738594
1739114
1740032
1740384
1741252
1741506
1741688
1742304
1742686
1743372
1743819
1744178
1744768
1745467
1745876
1746550
1747058
1747220
1747975
1748452
1748583
1749376
1749911
1750969
1751330
1752072
1752635
1753178
1753455
1753845
1754143
1754626
1755182
1755656
1756081
1756450
1756991
1757513
1758208
1758718
1758943
1759141
1759936
1760802
1761042
1761748
1762379
1762941
1763616
1764023
1764499
1764731
1765109
1766101
1766304
1766809
1767413
1768149
1768566
1768969
1769370
1769912
1770423
1770830
1771556
1772133
1772858
1773483
1773863
1774447
1774832
1775205
1775689
1776545
1777075
1777714
1778120
1778668
1779134
1779990
1780894
1781746
1782233
1782988
1783604
1784070
1784605
1785054
1785459
1786120
1786602
1787008
1787633
1788038
1788527
1789260
1789508
1789997
1790620
1791108
1791803
1792109
1792415
1793042
1793449
1794212
1794679
1795460
1795807
1796009
1796362
1796924
1797664
1798224
1798671
1799201
1799786
1800164
1800852
1801819
1802399
1803003
1803833
1804574
1805355
1805675
1806113
1806228
1806690
1807088
1807632
1807850
1808458
1809363
1810048
1810670
1811182
1811956
1812806
1813109
1813881
1814269
1814710
1815126
1815575
1816375
1817072
1817588
1818023
1818664
1819335
1819599
1820227
1820811
1821196
1821692
1822320
1822658
1823009
1823327
1823593
1823974
1824489
1824931
1825848
1826330
1826670
1827520
1827913
1828115
1828764
1829449
1830266
1830737
1831357
1832209
1832458
1832794
1833321
1833902
1834947
1835176
1835965
1836306
1836939
1837363
1838336
1839099
1839894
1840306
1840749
1841568
1841886
1842441
1842930
1843766
1844065
1844586
1844966
1845255
1845587
1846076
1846826
1847461
1848026
1848880
